Demo: anotherHeap
[6,10,7,23,15,20,8,50]
[7,10,8,23,15,20,50]
[5,7,8,10,15,20,50,23]
[50,23,15,20,8,6,7,10]
[23,20,15,10,8,6,7]
[70,23,15,20,8,6,7,10]
Demo 0: simpleHeap
Input array: 50  20  15  10  8  6  7  23  
Min heap: [50]
Min heap: [20,50]
Min heap: [15,50,20]
Min heap: [10,15,20,50]
Min heap: [8,10,20,50,15]
Min heap: [6,10,8,50,15,20]
Min heap: [6,10,7,50,15,20,8]
Min heap: [6,10,7,23,15,20,8,50]
a = 6
Demo 1: heapDemo1
Min Heap: [6,10,7,23,15,20,8,50]
Min Heap: [6,10,7,23,15,20,8,50]
Max Heap: [50,23,15,20,8,6,7,10]
Demo 2: heapDemo2
Min Heap: [(5.5, 4.5),(13.1, 12.4),(15.5, 14.5),(23.1, 12.4),(35.5, 14.5),(5.5, 34.5)]
Max Heap: [(35.5, 14.5),(23.1, 12.4),(5.5, 34.5),(5.5, 4.5),(15.5, 14.5),(13.1, 12.4)]
Demo 3: heapDemo3
[[    36,     14],[    23,     12],[   5.5,     34],[   5.5,    4.5],[    16,     14],[    13,     12]]
38.3471, 26.2177, 34.9357, 7.10634, 21.225, 18.038, 
